1773756386176 0.45721365046435897 1
1773756414202 0.36104806702937525 2
1773756442112 0.33317616523454224 3
1773756469927 0.3217793691522666 4
1773756497952 0.31113314916835216 5
1773756525962 0.3046480501002639 6
1773756553991 0.30508262638247363 7
1773756582169 0.3054531799955633 8
1773756610407 0.30234179670929257 9
1773756638566 0.3057576690249852 10
1773756666838 0.30492366076766575 11
1773756695231 0.3018527269145868 12
1773756723402 0.30228640228156406 13
1773756751565 0.3035213730848619 14
1773756779786 0.30459155106278013 15
1773756834677 0.18569869514602325 16
1773756889290 0.07714120038612117 17
1773756943601 0.03580716734099918 18
1773756998037 0.026677652039871068 19
1773757052518 0.016306327268694076 20
1773757107559 0.016226553828690333 21
1773757161990 0.010550844441617928 22
1773757216689 0.007000311958468372 23
1773757271239 0.006653252666559487 24
1773757325530 0.004927415573040373 25
1773757379878 0.01220455444308599 26
1773757434360 0.0013008051451742443 27
1773757489051 0.014988893787011449 28
1773757543211 0.005897984755888443 29
1773757597500 0.0002893088959237949 30
