1773756386178 0.7611787347824021 1
1773756414203 0.8148160585734597 2
1773756442113 0.8332225000218707 3
1773756469928 0.8378811830628431 4
1773756497953 0.8436983823086837 5
1773756525963 0.8458772801612555 6
1773756553992 0.8485010413858429 7
1773756582170 0.8457375282831546 8
1773756610408 0.850481728073907 9
1773756638568 0.8444490968841991 10
1773756666839 0.8472133597813947 11
1773756695232 0.8478701960020598 12
1773756723404 0.8532878610338969 13
1773756751566 0.8418694288446057 14
1773756779787 0.847452127109188 15
1773756834678 0.9181321219329666 16
1773756889292 0.9662339876704379 17
1773756943602 0.9851813389897054 18
1773756998038 0.9892315395955206 19
1773757052519 0.9933599357725542 20
1773757107560 0.9931165151646363 21
1773757161991 0.9960199534483895 22
1773757216690 0.9983354735949364 23
1773757271240 0.9977499660803979 24
1773757325531 0.9973521545698892 25
1773757379882 0.9948722641144266 26
1773757434361 0.9996225376966732 27
1773757489052 0.9927313856491385 28
1773757543212 0.9976484460322433 29
1773757597501 0.9999999999993405 30
