1773756386177 0.7908791710425468 1
1773756414202 0.8405239834402599 2
1773756442113 0.8576642335766423 3
1773756469927 0.8620796403745665 4
1773756497953 0.8691508082577782 5
1773756525963 0.8684665016884351 6
1773756553991 0.8704053703015738 7
1773756582169 0.8693789104475592 8
1773756610408 0.8732892335766423 9
1773756638567 0.8672608186076157 10
1773756666839 0.8713503649635036 11
1773756695231 0.8711711418454664 12
1773756723403 0.8744297445255474 13
1773756751566 0.8669512513345176 14
1773756779787 0.8699491659220118 15
1773756834678 0.931911496350365 16
1773756889291 0.9721715328467153 17
1773756943602 0.9875684306569343 18
1773756998038 0.9912180656934306 19
1773757052519 0.9947536496350365 20
1773757107559 0.994183394160584 21
1773757161991 0.9968065693430657 22
1773757216690 0.9985173357664233 23
1773757271239 0.9980611313868614 24
1773757325531 0.9978330291970803 25
1773757379879 0.9968065693430657 26
1773757434360 0.9996578467153284 27
1773757489052 0.9943789104475592 28
1773757543211 0.9979470802919708 29
1773757597500 1.0 30
