1773757669572 0.7925030413987862 1
1773757697939 0.8424067315611526 2
1773757726293 0.8609717153284672 3
1773757754693 0.8657872060137074 4
1773757783036 0.8627331711515023 5
1773757811642 0.8760518045538533 6
1773757839954 0.8724275142171957 7
1773757868276 0.8682076237062468 8
1773757896675 0.8752787915894585 9
1773757925066 0.8718065693430657 10
1773757953563 0.8671304744525548 11
1773757981992 0.8783074817518248 12
1773758010236 0.8745944850201154 13
1773758038515 0.8796760948905109 14
1773758066824 0.875 15
1773758121269 0.9262089416058394 16
1773758176100 0.9708029197080292 17
1773758231047 0.9856295620437956 18
1773758285597 0.9912180656934306 19
1773758339743 0.9937271897810219 20
1773758393605 0.9923585766423357 21
1773758448108 0.9954633009042183 22
1773758502523 0.9964644160583942 23
1773758556955 0.9964644160583942 24
1773758612300 0.9971487226277372 25
1773758667682 0.9976049270072993 26
1773758722012 1.0 27
1773758776038 0.9998859489051095 28
1773758830427 1.0 29
1773758884702 0.9946395985401459 30
