1773757669572 0.4445351537344229 1
1773757697938 0.35504144534849336 2
1773757726292 0.329049311789011 3
1773757754692 0.3129707470019586 4
1773757783036 0.30958899052093064 5
1773757811641 0.3018491463123882 6
1773757839953 0.30768200717050664 7
1773757868275 0.3015177134478832 8
1773757896675 0.29493709296042464 9
1773757925066 0.30686990837872463 10
1773757953562 0.3031043713049025 11
1773757981992 0.29330049786227247 12
1773758010235 0.3008984046763856 13
1773758038514 0.2854476291618317 14
1773758066823 0.2943023185170915 15
1773758121268 0.1938582358989749 16
1773758176099 0.07797897797240196 17
1773758231047 0.03553091263866075 18
1773758285596 0.02609222528390988 19
1773758339742 0.016909300930416583 20
1773758393605 0.02014729544384739 21
1773758448108 0.010538835070704003 22
1773758502523 0.00974509512645519 23
1773758556954 0.009069922195957186 24
1773758612300 0.009367263720758063 25
1773758667681 0.007322897751296875 26
1773758722012 0.0003068165003483079 27
1773758776037 0.0002589313605090018 28
1773758830426 0.00013660738397011266 29
1773758884701 0.017567807265674952 30
