1773757669573 0.7555570119321646 1
1773757697939 0.8074024935174944 2
1773757726293 0.826540927641694 3
1773757754693 0.8314991855616348 4
1773757783037 0.829193583389791 5
1773757811642 0.8414298695037299 6
1773757839954 0.8407220163740219 7
1773757868277 0.8344104618059985 8
1773757896676 0.8421343192343685 9
1773757925067 0.8407669398087751 10
1773757953563 0.834899059582814 11
1773757981993 0.8479655349185566 12
1773758010236 0.8437039142521741 13
1773758038515 0.8497899281844967 14
1773758066825 0.8410284074624836 15
1773758121269 0.9050867781619895 16
1773758176100 0.9617366202860077 17
1773758231048 0.9808610008361747 18
1773758285597 0.987739570392444 19
1773758339743 0.9911722360864137 20
1773758393606 0.98945545748438 21
1773758448109 0.9937385646346063 22
1773758502524 0.995258428080653 23
1773758556956 0.995248036763647 24
1773758612301 0.9963426935377919 25
1773758667683 0.9968847924089267 26
1773758722013 0.9999999999993224 27
1773758776040 0.9998736057123416 28
1773758830428 0.9999999999993193 29
1773758884702 0.9928281073446157 30
